0 -1 0.000 0.000
0 -1 0.000 0.500
0 -1 0.500 1.002
0 -1 1.002 1.002
0 -1 1.002 1.505
0 -1 1.505 1.505
0 5 1.505 2.002
0 9 2.002 3.002
0 3 3.002 5.054
0 13 5.054 6.054
0 16 6.054 10.054
1 1 0.054 1.054
1 6 1.054 3.054
1 11 3.054 6.054
1 15 6.054 9.054
1 4 9.054 13.054
2 2 0.054 2.054
2 10 2.054 4.054
2 7 4.054 7.054
2 8 7.054 11.054
3 3 0.054 0.500
3 3 0.500 1.002
3 3 1.002 1.002
3 5 1.002 1.002
3 5 1.002 1.505
3 5 1.505 1.505
3 9 1.505 1.505
3 -1 1.505 2.009
3 -1 2.009 2.510
3 -1 2.510 3.013
3 -1 3.013 3.514
3 -1 3.514 4.019
3 -1 4.019 4.523
3 -1 4.523 5.024
3 -1 5.024 5.024
3 13 5.024 5.024
3 14 5.024 7.024
3 12 7.024 11.024
