a b c d
0 -1 0.000 0.000
0 1 0.000 0.500
0 -1 0.500 1.001
0 4 1.001 2.001
0 -1 2.001 2.001
0 2 2.001 2.501
0 9 2.501 3.001
0 11 3.001 3.501
0 -1 3.501 4.002
0 9 4.002 4.502
0 10 4.502 5.502
0 -1 5.502 5.502
0 6 5.502 6.002
0 13 6.002 6.502
0 15 6.502 7.002
0 11 7.002 8.502
0 16 8.502 12.002
1 3 0.055 0.555
1 2 0.555 1.555
1 6 1.555 2.055
1 3 2.055 3.555
1 6 3.555 4.555
1 11 4.555 5.555
1 7 5.555 7.055
1 12 7.055 8.555
1 14 8.555 9.055
1 15 9.055 10.555
2 4 0.055 0.555
2 3 0.555 1.555
2 7 1.555 2.055
2 5 2.055 2.555
2 10 2.555 3.055
2 12 3.055 3.555
2 8 3.555 4.555
2 4 4.555 5.555
2 10 5.555 6.055
2 14 6.055 6.555
2 16 6.555 7.055
2 14 7.055 8.055
2 7 8.055 8.055
2 8 8.055 9.055
3 2 0.055 0.555
3 1 0.555 1.055
3 -1 1.055 1.055
3 5 1.055 1.555
3 8 1.555 2.055
3 4 2.055 3.555
3 7 3.555 4.555
3 3 4.555 4.555
3 12 4.555 5.555
3 8 5.555 7.055
3 13 7.055 7.555
3 15 7.555 8.555
3 11 8.555 8.555
3 12 8.555 9.555
